,Median_Price,sales_count,sales_count_lag1,sales_count_lag3,sales_count_lag6,sales_count_lag9,sales_count_lag12,OCR,OCR_lag1,OCR_lag3,OCR_lag6,OCR_lag9,OCR_lag12,CGPI_Dwelling,CGPI_Dwelling_lag1,CGPI_Dwelling_lag3,CGPI_Dwelling_lag6,CGPI_Dwelling_lag9,CGPI_Dwelling_lag12,Consents,Consents_lag1,Consents_lag3,Consents_lag6,Consents_lag9,Consents_lag12,Net_migration_monthly,weeklyrent,unemployment_rate,unemployment_rate_lag1,unemployment_rate_lag3,unemployment_rate_lag6,unemployment_rate_lag9,unemployment_rate_lag12,RealMortgageRate,RealMortgageRate_lag1,RealMortgageRate_lag3,RealMortgageRate_lag6,RealMortgageRate_lag9,RealMortgageRate_lag12
Median_Price,1.0,0.49046131837571744,0.4928994472040385,0.5093663830226937,0.5409044088094312,0.5408433216489023,0.5699122978471207,0.015132025114056155,-0.01813889822785546,-0.07737367156778395,-0.15457561095094868,-0.2286800520910386,-0.282887260823592,0.3860937260041288,0.3621210037163801,0.3131314409607615,0.2334473301521911,0.1518475120900946,0.07350364532923885,0.501744895469035,0.49212454768127406,0.4993164701590637,0.4824976883853013,0.4507659721283003,0.43740565519045205,-0.21494151858301982,0.660714076343416,-0.11346187531694774,-0.06088250064459387,0.049319955702241736,0.18851861684357518,0.2641536891825667,0.2783848892867164,-0.5689444798816409,-0.562615569504182,-0.5274114682602175,-0.4180590135145744,-0.2735667031946271,-0.12910578611922977
sales_count,0.49046131837571744,1.0,0.8601946092182837,0.8165839850814041,0.7261919002164577,0.6685628799329777,0.7033175110959835,-0.1934789948065475,-0.18956838255951422,-0.19545353588106548,-0.17001010617468224,-0.1252653262103718,-0.07412635323672763,-0.10662645633198779,-0.11641434506266407,-0.1323538708937234,-0.16959272209278622,-0.17813986570377904,-0.18050710751449525,0.710226801158928,0.6456224896389571,0.6466586645565933,0.5894401129564524,0.5307774143470513,0.5519278158964962,-0.1780574946719626,0.03598121073507577,0.27357773379905453,0.2690056403381873,0.2549099760350081,0.2226081147172947,0.15178911506561252,0.07942034765105595,-0.04369448875016458,-0.011337158552829725,0.062491420051993485,0.15083977660664893,0.18050205982519327,0.21187020067520723
sales_count_lag1,0.4928994472040385,0.8601946092182837,1.0,0.7766005490606669,0.7558027042136718,0.7644481911656906,0.6895917214016343,-0.1948691769108173,-0.19032917259549748,-0.19596496667982144,-0.17647925712195026,-0.13131778334937072,-0.09118174154578305,-0.09586898611643041,-0.10115089828490184,-0.12185211625148783,-0.153606441414779,-0.17089901748285907,-0.1740902952438732,0.6716207428535272,0.7091405760454458,0.6354911636645767,0.5834848455998514,0.5504009860418979,0.5283546032709652,-0.22092707820339447,0.04546488949874606,0.2722792210860203,0.27271419136987574,0.2602610066511795,0.23558211206439988,0.1662026926910564,0.10111007488512937,-0.06409692816386052,-0.03841818330322126,0.03174722470093679,0.13270086015229632,0.1682424037416149,0.20619711876566924
sales_count_lag3,0.5093663830226937,0.8165839850814041,0.7766005490606669,1.0,0.8129084859348239,0.7203531914111274,0.6673111607782917,-0.20740305831650915,-0.20535021626769134,-0.2028706725512537,-0.21024078456092982,-0.18571591679009014,-0.12973239278134618,-0.08353989204705775,-0.09177122428343586,-0.10414790151160142,-0.13184115949892972,-0.17123946148963762,-0.18160269011724367,0.6805404151125768,0.6487853073524634,0.7067335109955284,0.6409941035502542,0.5809917061331148,0.5282391096459925,-0.3138808168066972,0.07321247742261869,0.24204725367160165,0.26386569910203034,0.27648568503913273,0.2582418495611361,0.2245538268042654,0.14895289086144795,-0.1371741897516476,-0.10075378733288097,-0.03799483310737993,0.06897408798870484,0.15470955100379366,0.1822105684197651
sales_count_lag6,0.5409044088094312,0.7261919002164577,0.7558027042136718,0.8129084859348239,1.0,0.8082266603164154,0.7172966843109388,-0.20132636061810483,-0.2108049068641311,-0.2233665202569723,-0.22583414044642997,-0.24904013903227215,-0.21814572301138688,-0.05022275431242729,-0.0611478044304754,-0.08313892031914796,-0.10601265024868713,-0.136903655122157,-0.18003423824391362,0.6833458739708141,0.6878300871187081,0.6780558000440912,0.7035798105502747,0.6330646222995824,0.5743833758848426,-0.402911551672827,0.08003907918756765,0.15101292243931635,0.1846411722125181,0.24492284228658387,0.28310653333525687,0.26683064365641174,0.23199741183629094,-0.24417895112299773,-0.2071550040931387,-0.1393053943263095,-0.037332415366207704,0.07035722977439374,0.15570666658468846
sales_count_lag9,0.5408433216489023,0.6685628799329777,0.7644481911656906,0.7203531914111274,0.8082266603164154,1.0,0.8055719671471114,-0.1624262116518002,-0.17314161499608832,-0.20038287420691459,-0.23027159874130598,-0.24537473892480022,-0.27899017213383903,-0.0030330750615986083,-0.012096194264321434,-0.034439308914435876,-0.06929955202661901,-0.09382127044729725,-0.12726620730587954,0.7489359358335321,0.7288531266515388,0.6806195133871521,0.6766760722939922,0.6995331551247627,0.6291852981653463,-0.39787416454175656,0.08461872463290879,0.025162524265544165,0.07090627517694574,0.14638346062703017,0.24227873226907434,0.28331082100879584,0.2679074150231741,-0.3128192129101982,-0.29810845186629265,-0.24353013822902086,-0.1368791955834389,-0.03703896824986004,0.06827915751888712
sales_count_lag12,0.5699122978471207,0.7033175110959835,0.6895917214016343,0.6673111607782917,0.7172966843109388,0.8055719671471114,1.0,-0.07525136955749474,-0.09490795638823632,-0.12488434998649135,-0.164566538848575,-0.20138513917831316,-0.2232731623688191,0.06844078494233533,0.06044624866978768,0.04202411770691435,0.011546463433597073,-0.022568166861621754,-0.04614804511986815,0.7732477301058468,0.7217445107682646,0.7489686974317324,0.682578051576747,0.6768169214728725,0.698900451774634,-0.38532103966255715,0.11130643460326306,-0.11941923070283263,-0.08084043281769118,0.00753535571161728,0.12444284082073558,0.22028115586699235,0.26365118671937804,-0.283815235272322,-0.2978201068137856,-0.29628650442855264,-0.23308498570095257,-0.1351365538444298,-0.04457629817192366
OCR,0.015132025114056155,-0.1934789948065475,-0.1948691769108173,-0.20740305831650915,-0.20132636061810483,-0.1624262116518002,-0.07525136955749474,1.0,0.9927897078140989,0.9686443415356035,0.8920076646546244,0.758435895100818,0.5462599787460786,0.7862109835666978,0.8092500900594848,0.8526159031599954,0.9095899358621583,0.9511219927904777,0.970702658425849,-0.061682798849686735,-0.030814162975708218,0.021828500356265778,0.09445769913565344,0.1626675122718667,0.2267493452522119,0.29065738756379156,0.5397397294889067,-0.7383062555619732,-0.7778761590106079,-0.8343348367968337,-0.8677338809136977,-0.8324151836024255,-0.7098947592947743,0.11119032987479184,0.015635797958868075,-0.1829075878038065,-0.45791046350428005,-0.6931915393786958,-0.8634577437483798
OCR_lag1,-0.01813889822785546,-0.18956838255951422,-0.19032917259549748,-0.20535021626769134,-0.2108049068641311,-0.17314161499608832,-0.09490795638823632,0.9927897078140989,1.0,0.9811761836107282,0.9178068128532145,0.7985940498134781,0.5940392151373514,0.7589236483883905,0.7760174842290958,0.8228407678764318,0.8857085465957156,0.9366476191490329,0.966404426715837,-0.07767043417196944,-0.04624717989025056,0.010996031390695287,0.08027425563532013,0.1509845818549214,0.21615398207844827,0.31846530573876225,0.5162182536736104,-0.7036647452318961,-0.7463704708152623,-0.8142801358710436,-0.8626049454563213,-0.849757589009572,-0.7472144650383181,0.17519237190202236,0.07847916811543196,-0.11882981011548611,-0.3945290177797663,-0.6416293443340727,-0.8305432971103855
OCR_lag3,-0.07737367156778395,-0.19545353588106548,-0.19596496667982144,-0.2028706725512537,-0.2233665202569723,-0.20038287420691459,-0.12488434998649135,0.9686443415356035,0.9811761836107282,1.0,0.964040106688939,0.8773818585792876,0.6974979469155589,0.6962651856842654,0.7155009415223929,0.7522042241131951,0.8264240644137262,0.8909501141550769,0.940077655809418,-0.11347538622329294,-0.08867500166213771,-0.028362860956433245,0.04398482692564134,0.1177736217859616,0.19517831139246317,0.37111813063091875,0.4649870908425945,-0.6279940035465629,-0.675280445567368,-0.7571380267810134,-0.8386235296464369,-0.8608142629855302,-0.8103405142719893,0.2997525476294698,0.20701207069975583,0.010052725097841591,-0.26713219802874427,-0.5203875401143382,-0.7454535592748153
OCR_lag6,-0.15457561095094868,-0.17001010617468224,-0.17647925712195026,-0.21024078456092982,-0.22583414044642997,-0.23027159874130598,-0.164566538848575,0.8920076646546244,0.9178068128532145,0.964040106688939,1.0,0.9577050005726399,0.8365316618640537,0.5779511917025217,0.6000023612397795,0.6435034172618801,0.7040399633404434,0.7876621447640968,0.8623425750374192,-0.15840558308681787,-0.12756777952761164,-0.0797437308840904,-0.009839203720592793,0.06556565229271301,0.1529165936350356,0.4232041891448727,0.3613326968123756,-0.497705106567036,-0.5539560944761039,-0.6492932293538992,-0.7642420955118352,-0.8382646840499297,-0.8511711446093947,0.4786713910425171,0.3936720058335933,0.20444077386720672,-0.06467706123677017,-0.3250837976695086,-0.574794146055683
OCR_lag9,-0.2286800520910386,-0.1252653262103718,-0.13131778334937072,-0.18571591679009014,-0.24904013903227215,-0.24537473892480022,-0.20138513917831316,0.758435895100818,0.7985940498134781,0.8773818585792876,0.9577050005726399,1.0,0.9344843860345334,0.4188208427675172,0.44357003003575335,0.4930742550776742,0.5653574783718833,0.6295273352810467,0.7274197202260775,-0.19272619351630513,-0.16135802987718076,-0.12638542455395088,-0.06585303454097037,0.0051898507171021695,0.10019827664939458,0.4637804419781912,0.2281561162386933,-0.341086226332853,-0.4058806587984643,-0.5207083567007346,-0.6590321931302922,-0.7711696094606606,-0.8458619750737066,0.6470719745512789,0.5715596257525026,0.4002651067929454,0.1443206588382365,-0.10226900226102538,-0.3713664473990774
OCR_lag12,-0.282887260823592,-0.07412635323672763,-0.09118174154578305,-0.12973239278134618,-0.21814572301138688,-0.27899017213383903,-0.2232731623688191,0.5462599787460786,0.5940392151373514,0.6974979469155589,0.8365316618640537,0.9344843860345334,1.0,0.19809308091181366,0.22383824463822952,0.2790232352994313,0.3613396094387576,0.43830277388432193,0.5059187210070069,-0.23421324320931175,-0.20263154584648646,-0.16615564769767813,-0.12066646111331351,-0.06190900967946871,0.022910608691200967,0.4370216881187852,0.07406390259794626,-0.12260503239332857,-0.19744113281272854,-0.330914088955739,-0.5023973609673547,-0.6417632907351432,-0.7641670510782702,0.806985298830811,0.753818278289537,0.6049787463179833,0.37412283473722907,0.14674382551000653,-0.09562636504578638
CGPI_Dwelling,0.3860937260041288,-0.10662645633198779,-0.09586898611643041,-0.08353989204705775,-0.05022275431242729,-0.0030330750615986083,0.06844078494233533,0.7862109835666978,0.7589236483883905,0.6962651856842654,0.5779511917025217,0.4188208427675172,0.19809308091181366,1.0,0.9994703795975791,0.9953437180868959,0.9816502102187689,0.9595951967110655,0.9306768710798358,0.09813627271160323,0.12115682487298234,0.15417301261556862,0.19759581011165986,0.23366641848960173,0.2647867735487786,0.028468607109766498,0.792474540008359,-0.7343820239391708,-0.7275374591094227,-0.69673091053461,-0.6146731834653406,-0.49878911412871624,-0.3558305293706479,-0.47215120014120443,-0.5413068017622609,-0.6719553713338375,-0.8126367643435636,-0.8954998594962792,-0.9345332832998566
CGPI_Dwelling_lag1,0.3621210037163801,-0.11641434506266407,-0.10115089828490184,-0.09177122428343586,-0.0611478044304754,-0.012096194264321434,0.06044624866978768,0.8092500900594848,0.7760174842290958,0.7155009415223929,0.6000023612397795,0.44357003003575335,0.22383824463822952,0.9994703795975791,1.0,0.997866579165623,0.9869647182270004,0.9673998020206582,0.9404520714292095,0.09032854891528677,0.11522045795102306,0.1490328077650047,0.19315893539718537,0.2312700742333132,0.2654138142353514,0.052969826846235316,0.7856899374256215,-0.7470445379355022,-0.7378887655980729,-0.712834113011004,-0.6368208419088714,-0.5242914958668429,-0.38100642744237195,-0.43561929589573206,-0.5179842438632637,-0.6534226523381735,-0.8011333202394543,-0.8916200560979429,-0.9374077177943282
CGPI_Dwelling_lag3,0.3131314409607615,-0.1323538708937234,-0.12185211625148783,-0.10414790151160142,-0.08313892031914796,-0.034439308914435876,0.04202411770691435,0.8526159031599954,0.8228407678764318,0.7522042241131951,0.6435034172618801,0.4930742550776742,0.2790232352994313,0.9953437180868959,0.997866579165623,1.0,0.9950802791265256,0.9809918145814621,0.9585637971020639,0.057177342046460376,0.08957884341469231,0.1384243960008052,0.18303558106603918,0.22351996552022377,0.26314320481253356,0.10417108830664355,0.7711545977574465,-0.7679498819075844,-0.7644335186420684,-0.7382455114230584,-0.6776961322283073,-0.5740360292393525,-0.4345337049770364,-0.3560105884821759,-0.4445295168622503,-0.6104434995816008,-0.773222832643447,-0.8779755799300565,-0.9390511779409749
CGPI_Dwelling_lag6,0.2334473301521911,-0.16959272209278622,-0.153606441414779,-0.13184115949892972,-0.10601265024868713,-0.06929955202661901,0.011546463433597073,0.9095899358621583,0.8857085465957156,0.8264240644137262,0.7040399633404434,0.5653574783718833,0.3613396094387576,0.9816502102187689,0.9869647182270004,0.9950802791265256,1.0,0.9949666048733276,0.9807125772527755,0.016130566967458338,0.04496221803753908,0.09998290416547327,0.16879160891873357,0.210657918836939,0.2556180629520851,0.16887836570696235,0.7481162881550549,-0.7676182697878148,-0.7786420818593975,-0.7789513863535993,-0.72450925579154,-0.6427591069971742,-0.5152248418815258,-0.2133466152622702,-0.31383993369936725,-0.5049176687461262,-0.7181706864657335,-0.8458527172302103,-0.9291844121947439
CGPI_Dwelling_lag9,0.1518475120900946,-0.17813986570377904,-0.17089901748285907,-0.17123946148963762,-0.136903655122157,-0.09382127044729725,-0.022568166861621754,0.9511219927904777,0.9366476191490329,0.8909501141550769,0.7876621447640968,0.6295273352810467,0.43830277388432193,0.9595951967110655,0.9673998020206582,0.9809918145814621,0.9949666048733276,1.0,0.9948277274622593,-0.017852351618692974,0.005777715517501808,0.06237490186331944,0.13272436210962274,0.19891070486008453,0.24619105951756662,0.2217869909902993,0.7208069928179764,-0.7410190930340106,-0.762073136754559,-0.7862172637091446,-0.7732291470270629,-0.6953013575927771,-0.5900109656868333,-0.06388569871661628,-0.16873823301933388,-0.3765713907036614,-0.6272872316473104,-0.7996803919031525,-0.9069963101970406
CGPI_Dwelling_lag12,0.07350364532923885,-0.18050710751449525,-0.1740902952438732,-0.18160269011724367,-0.18003423824391362,-0.12726620730587954,-0.04614804511986815,0.970702658425849,0.966404426715837,0.940077655809418,0.8623425750374192,0.7274197202260775,0.5059187210070069,0.9306768710798358,0.9404520714292095,0.9585637971020639,0.9807125772527755,0.9948277274622593,1.0,-0.04520227545713598,-0.015188195756202946,0.03185390433691767,0.0976608578602013,0.16588209034023185,0.23815614073854452,0.2631005327803541,0.6843845204953105,-0.6944165338326844,-0.7252063654099408,-0.7667429459727503,-0.787775796463223,-0.7532287295866332,-0.6491592416557619,0.09273564554331738,-0.016359036227671896,-0.2396856556573476,-0.5163361843252074,-0.7231944133209182,-0.8708034863629655
Consents,0.501744895469035,0.710226801158928,0.6716207428535272,0.6805404151125768,0.6833458739708141,0.7489359358335321,0.7732477301058468,-0.061682798849686735,-0.07767043417196944,-0.11347538622329294,-0.15840558308681787,-0.19272619351630513,-0.23421324320931175,0.09813627271160323,0.09032854891528677,0.057177342046460376,0.016130566967458338,-0.017852351618692974,-0.04520227545713598,1.0,0.742611622435799,0.7137939692305098,0.7352128840938376,0.6710518032313375,0.6949775451211079,-0.265718234533901,0.21045700420426586,-0.02613647599367725,-0.0060160976024204805,0.034782986811211836,0.09184876551710654,0.14609374412301263,0.1853907331366859,-0.254516580557434,-0.2521401330909395,-0.21107722028203613,-0.1620608747860024,-0.10996428312603426,-0.04222185682370031
Consents_lag1,0.49212454768127406,0.6456224896389571,0.7091405760454458,0.6487853073524634,0.6878300871187081,0.7288531266515388,0.7217445107682646,-0.030814162975708218,-0.04624717989025056,-0.08867500166213771,-0.12756777952761164,-0.16135802987718076,-0.20263154584648646,0.12115682487298234,0.11522045795102306,0.08957884341469231,0.04496221803753908,0.005777715517501808,-0.015188195756202946,0.742611622435799,1.0,0.7235062124767306,0.6876453631208592,0.6780721279452343,0.6545853370538411,-0.2668772586474769,0.22142932673625065,-0.048136637315342734,-0.030940493994529014,0.007469311026343973,0.06674965454150368,0.11607725071076994,0.16185378976962772,-0.24677247872781313,-0.2481861295330015,-0.22789034306031802,-0.16888594260877446,-0.12287818538274646,-0.06597147509119754
Consents_lag3,0.4993164701590637,0.6466586645565933,0.6354911636645767,0.7067335109955284,0.6780558000440912,0.6806195133871521,0.7489686974317324,0.021828500356265778,0.010996031390695287,-0.028362860956433245,-0.0797437308840904,-0.12638542455395088,-0.16615564769767813,0.15417301261556862,0.1490328077650047,0.1384243960008052,0.09998290416547327,0.06237490186331944,0.03185390433691767,0.7137939692305098,0.7235062124767306,1.0,0.7108712774099202,0.7333569741688198,0.6763879763122559,-0.2515400617744522,0.24423342452574565,-0.09348675253107898,-0.07203943391863096,-0.03870914350745069,0.015375899742050121,0.06819740537977859,0.12057228041808461,-0.2382096395818177,-0.24233967243047683,-0.244301162307558,-0.2030833556226668,-0.1615211762339284,-0.11630645362022181
Consents_lag6,0.4824976883853013,0.5894401129564524,0.5834848455998514,0.6409941035502542,0.7035798105502747,0.6766760722939922,0.682578051576747,0.09445769913565344,0.08027425563532013,0.04398482692564134,-0.009839203720592793,-0.06585303454097037,-0.12066646111331351,0.19759581011165986,0.19315893539718537,0.18303558106603918,0.16879160891873357,0.13272436210962274,0.0976608578602013,0.7352128840938376,0.6876453631208592,0.7108712774099202,1.0,0.708621726009426,0.7367353165614773,-0.18533337802695693,0.2806601705546293,-0.15424338162253798,-0.13741555901901215,-0.10184518796941688,-0.04962373104519714,0.002702289297404601,0.054969525693647166,-0.21764769122416966,-0.22721400082829393,-0.24023907036700118,-0.2453735150216229,-0.2058002845973659,-0.1674997760570436
Consents_lag9,0.4507659721283003,0.5307774143470513,0.5504009860418979,0.5809917061331148,0.6330646222995824,0.6995331551247627,0.6768169214728725,0.1626675122718667,0.1509845818549214,0.1177736217859616,0.06556565229271301,0.0051898507171021695,-0.06190900967946871,0.23366641848960173,0.2312700742333132,0.22351996552022377,0.210657918836939,0.19891070486008453,0.16588209034023185,0.6710518032313375,0.6780721279452343,0.7333569741688198,0.708621726009426,1.0,0.7114495920828958,-0.12984482945530668,0.3018667937096601,-0.20066016463817105,-0.18736797745990358,-0.16217078461136428,-0.11198259069168216,-0.06000543361653482,-0.00762640503467705,-0.17711748107616257,-0.1973044465495883,-0.22421097051626535,-0.24421617614402888,-0.24938994197616227,-0.21145724679950495
Consents_lag12,0.43740565519045205,0.5519278158964962,0.5283546032709652,0.5282391096459925,0.5743833758848426,0.6291852981653463,0.698900451774634,0.2267493452522119,0.21615398207844827,0.19517831139246317,0.1529165936350356,0.10019827664939458,0.022910608691200967,0.2647867735487786,0.2654138142353514,0.26314320481253356,0.2556180629520851,0.24619105951756662,0.23815614073854452,0.6949775451211079,0.6545853370538411,0.6763879763122559,0.7367353165614773,0.7114495920828958,1.0,-0.04390020171918725,0.2961879208678098,-0.23840460070606348,-0.23480034827715165,-0.21203057189399652,-0.17630183567996474,-0.1276132031347689,-0.07256372746164039,-0.08905633770141252,-0.12497452128386545,-0.18398357363272633,-0.23189030158002757,-0.24993189583016873,-0.2575997703729103
Net_migration_monthly,-0.21494151858301982,-0.1780574946719626,-0.22092707820339447,-0.3138808168066972,-0.402911551672827,-0.39787416454175656,-0.38532103966255715,0.29065738756379156,0.31846530573876225,0.37111813063091875,0.4232041891448727,0.4637804419781912,0.4370216881187852,0.028468607109766498,0.052969826846235316,0.10417108830664355,0.16887836570696235,0.2217869909902993,0.2631005327803541,-0.265718234533901,-0.2668772586474769,-0.2515400617744522,-0.18533337802695693,-0.12984482945530668,-0.04390020171918725,1.0,0.004233204098709685,-0.10584612503377895,-0.15175472302676854,-0.2357800019325055,-0.3366629010007083,-0.4094840112865653,-0.44638408465971846,0.41015479864715243,0.37645105500063303,0.29114528214121815,0.15204922550430247,0.018465363715282578,-0.10777969015513121
weeklyrent,0.660714076343416,0.03598121073507577,0.04546488949874606,0.07321247742261869,0.08003907918756765,0.08461872463290879,0.11130643460326306,0.5397397294889067,0.5162182536736104,0.4649870908425945,0.3613326968123756,0.2281561162386933,0.07406390259794626,0.792474540008359,0.7856899374256215,0.7711545977574465,0.7481162881550549,0.7208069928179764,0.6843845204953105,0.21045700420426586,0.22142932673625065,0.24423342452574565,0.2806601705546293,0.3018667937096601,0.2961879208678098,0.004233204098709685,1.0,-0.5073953503946355,-0.4980847659761358,-0.47262971042314894,-0.40829013685673365,-0.3131181958128444,-0.2130292233398178,-0.4619213159766478,-0.5018836507776495,-0.5794700384741961,-0.6661712883662694,-0.7041809907789827,-0.7066065140039269
unemployment_rate,-0.11346187531694774,0.27357773379905453,0.2722792210860203,0.24204725367160165,0.15101292243931635,0.025162524265544165,-0.11941923070283263,-0.7383062555619732,-0.7036647452318961,-0.6279940035465629,-0.497705106567036,-0.341086226332853,-0.12260503239332857,-0.7343820239391708,-0.7470445379355022,-0.7679498819075844,-0.7676182697878148,-0.7410190930340106,-0.6944165338326844,-0.02613647599367725,-0.048136637315342734,-0.09348675253107898,-0.15424338162253798,-0.20066016463817105,-0.23840460070606348,-0.10584612503377895,-0.5073953503946355,1.0,0.9871142193974035,0.9050274229977524,0.6884309480956926,0.4051701918762331,0.12981604024205023,0.2542590001584721,0.36176348255191687,0.564288557270345,0.7678893879091993,0.8353802612003386,0.8157571194620425
unemployment_rate_lag1,-0.06088250064459387,0.2690056403381873,0.27271419136987574,0.26386569910203034,0.1846411722125181,0.07090627517694574,-0.08084043281769118,-0.7778761590106079,-0.7463704708152623,-0.675280445567368,-0.5539560944761039,-0.4058806587984643,-0.19744113281272854,-0.7275374591094227,-0.7378887655980729,-0.7644335186420684,-0.7786420818593975,-0.762073136754559,-0.7252063654099408,-0.0060160976024204805,-0.030940493994529014,-0.07203943391863096,-0.13741555901901215,-0.18736797745990358,-0.23480034827715165,-0.15175472302676854,-0.4980847659761358,0.9871142193974035,1.0,0.9543605793259504,0.770979157913472,0.500524769329814,0.20885855699994768,0.15446349284758634,0.2673728383597845,0.48019894536480584,0.7221202109763212,0.8271248792110514,0.8290149291048173
unemployment_rate_lag3,0.049319955702241736,0.2549099760350081,0.2602610066511795,0.27648568503913273,0.24492284228658387,0.14638346062703017,0.00753535571161728,-0.8343348367968337,-0.8142801358710436,-0.7571380267810134,-0.6492932293538992,-0.5207083567007346,-0.330914088955739,-0.69673091053461,-0.712834113011004,-0.7382455114230584,-0.7789513863535993,-0.7862172637091446,-0.7667429459727503,0.034782986811211836,0.007469311026343973,-0.03870914350745069,-0.10184518796941688,-0.16217078461136428,-0.21203057189399652,-0.2357800019325055,-0.47262971042314894,0.9050274229977524,0.9543605793259504,1.0,0.9051365693040938,0.6834437424026248,0.38565809740226675,-0.04678318821370698,0.06957284856600507,0.29985614022830787,0.5938557815015906,0.7798537023122986,0.8378363361106809
unemployment_rate_lag6,0.18851861684357518,0.2226081147172947,0.23558211206439988,0.2582418495611361,0.28310653333525687,0.24227873226907434,0.12444284082073558,-0.8677338809136977,-0.8626049454563213,-0.8386235296464369,-0.7642420955118352,-0.6590321931302922,-0.5023973609673547,-0.6146731834653406,-0.6368208419088714,-0.6776961322283073,-0.72450925579154,-0.7732291470270629,-0.787775796463223,0.09184876551710654,0.06674965454150368,0.015375899742050121,-0.04962373104519714,-0.11198259069168216,-0.17630183567996474,-0.3366629010007083,-0.40829013685673365,0.6884309480956926,0.770979157913472,0.9051365693040938,1.0,0.9007444442723362,0.663677579912174,-0.327882940686781,-0.21836787686156972,0.01115063041755486,0.3405247216525451,0.6159926272475458,0.7900295578753813
unemployment_rate_lag9,0.2641536891825667,0.15178911506561252,0.1662026926910564,0.2245538268042654,0.26683064365641174,0.28331082100879584,0.22028115586699235,-0.8324151836024255,-0.849757589009572,-0.8608142629855302,-0.8382646840499297,-0.7711696094606606,-0.6417632907351432,-0.49878911412871624,-0.5242914958668429,-0.5740360292393525,-0.6427591069971742,-0.6953013575927771,-0.7532287295866332,0.14609374412301263,0.11607725071076994,0.06819740537977859,0.002702289297404601,-0.06000543361653482,-0.1276132031347689,-0.4094840112865653,-0.3131181958128444,0.4051701918762331,0.500524769329814,0.6834437424026248,0.9007444442723362,1.0,0.8919056585821683,-0.5497829696817824,-0.46797633124592114,-0.2686718720431393,0.056368262255760304,0.36403535443791407,0.6297453671359899
unemployment_rate_lag12,0.2783848892867164,0.07942034765105595,0.10111007488512937,0.14895289086144795,0.23199741183629094,0.2679074150231741,0.26365118671937804,-0.7098947592947743,-0.7472144650383181,-0.8103405142719893,-0.8511711446093947,-0.8458619750737066,-0.7641670510782702,-0.3558305293706479,-0.38100642744237195,-0.4345337049770364,-0.5152248418815258,-0.5900109656868333,-0.6491592416557619,0.1853907331366859,0.16185378976962772,0.12057228041808461,0.054969525693647166,-0.00762640503467705,-0.07256372746164039,-0.44638408465971846,-0.2130292233398178,0.12981604024205023,0.20885855699994768,0.38565809740226675,0.663677579912174,0.8919056585821683,1.0,-0.688887649373947,-0.636341655752092,-0.49751531052930686,-0.22611975879591786,0.07597316169123693,0.3705243234570591
RealMortgageRate,-0.5689444798816409,-0.04369448875016458,-0.06409692816386052,-0.1371741897516476,-0.24417895112299773,-0.3128192129101982,-0.283815235272322,0.11119032987479184,0.17519237190202236,0.2997525476294698,0.4786713910425171,0.6470719745512789,0.806985298830811,-0.47215120014120443,-0.43561929589573206,-0.3560105884821759,-0.2133466152622702,-0.06388569871661628,0.09273564554331738,-0.254516580557434,-0.24677247872781313,-0.2382096395818177,-0.21764769122416966,-0.17711748107616257,-0.08905633770141252,0.41015479864715243,-0.4619213159766478,0.2542590001584721,0.15446349284758634,-0.04678318821370698,-0.327882940686781,-0.5497829696817824,-0.688887649373947,1.0,0.988741288725105,0.9177471225471515,0.7408242615065361,0.49782811789657033,0.21016188330750396
RealMortgageRate_lag1,-0.562615569504182,-0.011337158552829725,-0.03841818330322126,-0.10075378733288097,-0.2071550040931387,-0.29810845186629265,-0.2978201068137856,0.015635797958868075,0.07847916811543196,0.20701207069975583,0.3936720058335933,0.5715596257525026,0.753818278289537,-0.5413068017622609,-0.5179842438632637,-0.4445295168622503,-0.31383993369936725,-0.16873823301933388,-0.016359036227671896,-0.2521401330909395,-0.2481861295330015,-0.24233967243047683,-0.22721400082829393,-0.1973044465495883,-0.12497452128386545,0.37645105500063303,-0.5018836507776495,0.36176348255191687,0.2673728383597845,0.06957284856600507,-0.21836787686156972,-0.46797633124592114,-0.636341655752092,0.988741288725105,1.0,0.9596312019094116,0.8113541582249734,0.5960130679416205,0.32178529376756854
RealMortgageRate_lag3,-0.5274114682602175,0.062491420051993485,0.03174722470093679,-0.03799483310737993,-0.1393053943263095,-0.24353013822902086,-0.29628650442855264,-0.1829075878038065,-0.11882981011548611,0.010052725097841591,0.20444077386720672,0.4002651067929454,0.6049787463179833,-0.6719553713338375,-0.6534226523381735,-0.6104434995816008,-0.5049176687461262,-0.3765713907036614,-0.2396856556573476,-0.21107722028203613,-0.22789034306031802,-0.244301162307558,-0.24023907036700118,-0.22421097051626535,-0.18398357363272633,0.29114528214121815,-0.5794700384741961,0.564288557270345,0.48019894536480584,0.29985614022830787,0.01115063041755486,-0.2686718720431393,-0.49751531052930686,0.9177471225471515,0.9596312019094116,1.0,0.9229523267462301,0.764544010041663,0.5400671424592871
RealMortgageRate_lag6,-0.4180590135145744,0.15083977660664893,0.13270086015229632,0.06897408798870484,-0.037332415366207704,-0.1368791955834389,-0.23308498570095257,-0.45791046350428005,-0.3945290177797663,-0.26713219802874427,-0.06467706123677017,0.1443206588382365,0.37412283473722907,-0.8126367643435636,-0.8011333202394543,-0.773222832643447,-0.7181706864657335,-0.6272872316473104,-0.5163361843252074,-0.1620608747860024,-0.16888594260877446,-0.2030833556226668,-0.2453735150216229,-0.24421617614402888,-0.23189030158002757,0.15204922550430247,-0.6661712883662694,0.7678893879091993,0.7221202109763212,0.5938557815015906,0.3405247216525451,0.056368262255760304,-0.22611975879591786,0.7408242615065361,0.8113541582249734,0.9229523267462301,1.0,0.9297317065446229,0.7857925766172773
RealMortgageRate_lag9,-0.2735667031946271,0.18050205982519327,0.1682424037416149,0.15470955100379366,0.07035722977439374,-0.03703896824986004,-0.1351365538444298,-0.6931915393786958,-0.6416293443340727,-0.5203875401143382,-0.3250837976695086,-0.10226900226102538,0.14674382551000653,-0.8954998594962792,-0.8916200560979429,-0.8779755799300565,-0.8458527172302103,-0.7996803919031525,-0.7231944133209182,-0.10996428312603426,-0.12287818538274646,-0.1615211762339284,-0.2058002845973659,-0.24938994197616227,-0.24993189583016873,0.018465363715282578,-0.7041809907789827,0.8353802612003386,0.8271248792110514,0.7798537023122986,0.6159926272475458,0.36403535443791407,0.07597316169123693,0.49782811789657033,0.5960130679416205,0.764544010041663,0.9297317065446229,1.0,0.9337008174294519
RealMortgageRate_lag12,-0.12910578611922977,0.21187020067520723,0.20619711876566924,0.1822105684197651,0.15570666658468846,0.06827915751888712,-0.04457629817192366,-0.8634577437483798,-0.8305432971103855,-0.7454535592748153,-0.574794146055683,-0.3713664473990774,-0.09562636504578638,-0.9345332832998566,-0.9374077177943282,-0.9390511779409749,-0.9291844121947439,-0.9069963101970406,-0.8708034863629655,-0.04222185682370031,-0.06597147509119754,-0.11630645362022181,-0.1674997760570436,-0.21145724679950495,-0.2575997703729103,-0.10777969015513121,-0.7066065140039269,0.8157571194620425,0.8290149291048173,0.8378363361106809,0.7900295578753813,0.6297453671359899,0.3705243234570591,0.21016188330750396,0.32178529376756854,0.5400671424592871,0.7857925766172773,0.9337008174294519,1.0
